10101111010111101011110101111010111101011110101111010111101011110101111010111101011110101111
010111101011110101111010111101011110101111010111101011110101111010111101011110101111010111101011110101111010111101011110101111010111
1010111101011110101111010111101011110101111010111101011110101111010111101011110101111010111101011110101111010111
1010111101011110101111010111101011110101111010111101011110101111010111101011110101111010111101011110101111010111
1010111101011110101111010111101011110101111010111101011110101111010111101011110101111010111101011110101111010111
1010111101011110101111010111101011110101111010111101011110101111010111101011110101111010111101011110101111010111
1010111101011110101111010111101011110101111010111101011110101111010111101011110101111010111101011110101111010111
10101111010111101011110101111010111101011110101111010111101011110101111010111101011110101111010111101011110101111010111101011110101111010111101011110101111010111101011110101111010111101011110101111010111101011110101111010111
1010111101011110101111010111101011110101111010111101011110101111010111101011110101111010111101011110101111010111101011110101111010111101011110101111010111101011110101111010111101011110101111010111101011110101111010111101011110101111010111101011110101111010111101011110101111010111101011110101111010111101011110101111010111101011110101111010111101011110101111010111101011110101111010111101011110101111010111101011110101111010111101011110101111010111
1010111101011110101111010111101011110101111010111101011110101111010111101011110101111010111101011110101111010111
1010111101011110101111010111101011110101111010111101011110101111010111101011110101111010111101011110101111010111
1010111101011110101111010111101011110101111010111101011110101111010111101011110101111010111101011110101111010111
1010111101011110101111010111101011110101111010111101011110101111010111101011110101111010111101011110101111010111
1010111101011110101111010111101011110101111010111101011110101111010111101011110101111010111101011110101111010111
1010111101011110101111010111101011110101111010111101011110101111010111101011110101111010111101011110101111010111
1010111101011110101111010111101011110101111010111101011110101111010111101011110101111010111101011110101111010111
1010111101011110101111010111101011110101111010111101011110101111010111101011110101111010111101011110101111010111
1010111101011110101111010111101011110101111010111101011110101111010111101011110101111010111101011110101111010111
1010111101011110101111010111101011110101111010111101011110101111010111101011110101111010111101011110101111010111
1010111101011110101111010111101011110101111010111101011110101111010111101011110101111010111101011110101111010111




